lives: 
8
player coordinates: 
0
0
luckFactor: 
5
equipment: 
nic
iloscPlansz: 
3
numerekPlanszy: 
1
matrix size x, y: 
60
30
100000000030200002000000000020040230000000000000000000000020
100000000000000030004000030200020003000000020000000000000000
100030002000200000000000000000200000000240002200000040000000
110000000030020000400002000032030002000030000000000000003000
011320000000000000000002000200000000003000002003000400000000
001100000000200000000202000000000230000000000003000000003000
002100000000000000400000000000000000020030000000000000000000
000110000000000200004000000000002003000200000000020200002040
020011110002304200003040000000000000000000400030000020002030
302220011111000000000440230004002000000000000000000000000000
000000000001120000020000200000200202000000030000000000000200
000000000000110002000000000000200000230000000004000000000000
000200000002011111120200003000003004300000203000000000000000
200000000002030200110000000000000200000000000000000000000020
000020000030000000010320002000030000200000000030000000000000
000020000000000000011110003000003000000000000030002000000002
000300002400002000000010000000000000000000300000002000000003
000000000020000000000013000000000000040000000300004200000000
000000003000000000042010003000000000002000000000000000003220
000000030000000000000014000002040400202000002000000000030200
000000000000000000300011130000000000300000000000000020000040
000000000000000000000000112002020000000000000200002000000000
000000030200000000002000011100003000020040000002000000020002
000000000000000000000200200100003030000000000003030000000000
000000000000000400000000000111003000000300000000020000000020
000320020403000000000000032001000400004000020000000000300000
000000000020020000000000000001100000003000000000000000020400
220400000000000000030000000000111000000030002020004000000000
000000000000000002000000000000001110000000000020002000000000
040000000003000030004003200000000011111111111111111111111111
